"","V1","V2","V3","V4","V5","V6","V7","V8","V9","V10","V11","V12","V13","V14","V15","V16","V17","V18","V19","V20","V21","V22","V23","V24","V25","V26","V27","V28","V29","V30","V31","V32","V33","V34","V35","V36","V37","V38","V39","V40","V41","V42","V43","V44","V45","V46","V47","V48","V49","V50","V51","V52","V53","V54","V55","V56","V57","V58","V59","V60","V61","V62","V63","V64","V65","V66","V67","V68","V69","V70","V71","V72","V73","V74","V75","V76","V77","V78","V79","V80","V81","V82","V83","V84","V85","V86","V87","V88","V89","V90","V91","V92"
"1",0.228500273766099,0.0732869229453629,0.037262527508286,0.128748754017381,0.154113043365051,0.0152994049173536,0.00318145573952981,0.0072616585595653,0.00673452104938002,-0.00470278265254263,-0.0379089802428665,-0.0484876740593213,0.0582754620880721,0.0411684003386721,0.00172819362881381,-0.0367517009190002,0.00247508719559018,0.00262114893507404,0.0102031596491614,0.0473498964794808,-0.0754712267989096,-0.039684654488357,-0.00211136128463927,0.0666257070287494,0.0991763726113832,-0.066129678116964,0.0685794020547511,-0.0369436808005901,0.0511754011064953,0.0273378637039848,-0.0869563396109848,-0.011279801980594,0.0742344461687535,0.141663061343952,0.0853557098080893,0.0132701549276857,-0.00251355688275701,-0.0149990991778998,0.124330424631584,-0.0681345534118989,-0.10257686042618,-0.0288931877070691,0.0942424484335809,-0.0904947674728333,-0.130816501619109,-0.0513306412270262,-0.0317858396379874,-0.00329890152821283,-0.0555227620736804,-0.035097186900633,-0.0627081904467353,0.0317691109248493,-0.020953622307492,0.1008854711865,0.0250710025571675,-0.0902314353478114,-0.198369013950573,-0.133654393404094,-0.0346952184994731,0.00354268508010347,-0.102154457123169,-0.0900459273113343,-0.0153643121589196,0.0635580393540221,-0.0110639544643289,-0.0184478981359048,-0.0787656695673227,0.0585665599180367,-0.0996602183213907,-0.0477337916130932,-0.0815858352570364,0.0527621116648922,0.0526968794881714,0.0354869851947671,-0.0523117064187018,-0.0532224954986383,0.105530626625862,-0.0766933911949939,0.030457753309159,-0.0349421443035037,0.110073998633991,0.0301643704428115,-0.0365094877744476,-0.0965817384855858,-0.0443032260974969,0.0289402258465603,0.0610021053949986,-0.00947928233612518,-0.03686552170664,0.128849892150858,0.0119631660144212,-0.00478721504418448
"2",0.0732869229453629,0.230945561338363,0.168726663789578,0.0471747881847961,0.0160013032208694,0.0824865444487972,-0.0579675320187011,-0.0561056858155384,0.0955291871483621,0.0680842648310672,0.0474875602323521,0.0386631509242029,-0.0128399962626291,-0.0447569819022173,0.0923971568340987,-0.0867876264927539,-0.0547457980558985,-0.054377365641033,-0.047671688648182,-0.042470635777845,0.0171976977563394,-0.110980995255693,-0.0822451990438793,-0.00174808491145337,-0.000293916427977803,-0.00809273210287173,-0.000498743620474195,-0.0893696335612993,-0.043616020037192,0.121366961359828,-0.106696986425118,0.0727469472613343,-0.0267035939119554,0.0113346442660337,-0.0101610034522192,0.0686641617013987,-0.0818691948483433,0.0975540006095314,0.0298836470905912,-0.0091763682639747,-0.0178121163220752,0.00733217610967055,-0.0261082690053894,-0.111234697412664,-0.194991308382893,-0.0989892783764531,0.00457005902253855,-0.0830598294873801,0.0653041547014671,0.0502518360752772,-0.00342920976661292,0.153770507361254,-0.110880830930148,0.0269238195693896,0.0730565240876682,-0.127946858279936,-0.022620515455939,0.0195639683749751,0.04430642116269,0.0894669212016762,4.75484410909998e-05,0.0108576012238682,0.0328595825018585,-0.00402484444235712,-0.0879121405103726,-0.112147441302848,-0.1771759904909,0.103347411539646,0.0445633002846833,-0.126944671546155,0.0493734146279654,0.0979818623702597,0.104143004220009,0.134481667353595,0.0468613323761515,0.0221631602415291,-0.0216275344237155,-0.11941099423482,-0.0704474442476506,0.0883665468649136,0.154960336195624,-0.0636501072709861,0.108298946559985,0.0317640451855188,-0.123607292439795,0.093080339396538,-0.0131302752618007,-0.104598058199034,-0.0930814296247468,0.0362537053225284,-0.0421837679053816,-0.0847906685179767
"3",0.037262527508286,0.168726663789578,0.261255197430948,0.0966000879598027,0.11881568043049,0.0299482694217036,-0.0192911768737848,-0.0160459367911185,0.0412215772013007,0.102758893644688,-0.00234226538125775,-0.00893370407849921,0.00861284763779877,-0.0572448738215738,0.0383721423336991,-0.0776186385189641,-0.0220568263524451,-0.0213102437738136,-0.0152133251887716,-0.0549225216109357,0.0758943264904054,-0.115006765201595,-0.0972528668820857,-0.0682980375632887,-0.0184189049582621,0.0278825662324396,-0.0672013139232435,-0.0766080391302044,-0.048889046847465,0.0647866795366947,-0.0833307318207415,0.109349867115857,-0.0417110337915815,-0.0152085719355114,-0.0270562569600328,0.0544149051734434,-0.0972924173215061,0.0591268636357449,-0.0511982830560421,0.0253886351437834,0.0384133271665225,0.033712910946665,-0.0440793928402405,-0.0869928029813878,-0.146927067761666,-0.182546247159089,0.02882615654487,-0.099276053906002,0.098002358650528,-0.00297697209167499,0.0506830838054558,0.206093646875473,-0.144040995969808,-0.0431499136297512,0.0607308906107912,-0.201390470517588,-0.00621878233432708,-0.0382269197145264,0.0356647154757292,0.0826055158842669,0.0592736418934924,0.0330485938875888,0.0161210114638788,-0.0752453695761731,-0.102266005567927,-0.0540114699629524,-0.157991663985136,0.0910566561300032,0.104981998639024,-0.0730898800975602,0.0373210003510513,0.0926135846082369,0.0880903798792883,0.128172140187596,0.0721507544201168,0.0137511873637143,-0.0468212411104171,-0.103229623043388,-0.00371201210820305,0.0706308114851961,0.142816478483706,-0.0750163385694958,0.140601168329738,0.0542690180874792,-0.0733030724432126,0.137120514723725,0.00715854603389024,-0.045524302790755,-0.0744506204917363,-0.0515539879210721,-0.107955920414475,-0.0993789138434025
"4",0.128748754017381,0.0471747881847961,0.0966000879598027,0.308792556874738,0.248364130219686,-0.0363714576146863,0.135667047708875,0.139788315951092,-0.0181891903084902,-0.0291027335400766,-0.0632921443047271,-0.0763492098216894,0.166156541128384,0.0596751156267456,-0.0227076611901299,0.0400961992110821,0.126249498261648,0.126868453095342,0.139467059833683,0.070592859443716,-0.046317367406074,-0.0216293588589808,-0.0529004387468349,0.0539334514596193,0.113610410987446,-0.0889208026381133,0.0572584018681609,0.0442205409156957,0.0798903782125052,-0.0078863924988322,0.00469702172531648,-0.0426511133672869,0.0212756473592401,0.0542397437665159,0.105514948698884,-0.0519653341314357,-0.0534853632644854,-0.032407597942106,0.0710861530346867,-0.09206104770631,-0.0788849834229134,-0.0667891067005338,0.0151604049931182,0.00164360924123064,-0.146412885431507,-0.125630666316217,-0.0715019054299724,-0.0563964023630383,0.0414114206270702,-0.0645104607099985,-0.0462903551992557,0.161227618008885,-0.143456075858721,0.0880662537692739,-0.0356358850484062,-0.154997058884062,-0.168528959593221,-0.195979816662824,-0.0929505338506393,-0.0480153642058418,-0.078969276374327,-0.0240184975150271,-0.0811708359420435,0.0431733544952618,0.00388049540661096,0.0130514762653306,-0.163092353396415,-0.00625374625098745,-0.113751559674748,-0.0133192861914822,-0.18183489804197,-0.0020892950210788,-0.013272319435038,-0.0226515196257865,0.0107634084032502,-0.106000331419414,0.0196594138276877,0.0030104009789432,0.0738010146652559,-0.137519159681269,0.0427158333357487,-0.0191672659184146,0.0429650877070488,-0.0333870174841994,-0.0176985561167023,0.00864098706751487,0.161060952884613,0.0262299266587179,0.0495743309830081,0.0668182648095065,-0.00586999509542033,-0.0580387734713829
"5",0.154113043365051,0.0160013032208694,0.11881568043049,0.248364130219686,0.278718811390447,-0.0541068325552353,0.0943349477150845,0.0988506251383715,-0.0438420017354817,-0.00932799249229345,-0.0836019524271987,-0.094268725880611,0.129354464035805,0.0310311552915096,-0.0483696390913938,0.00793864191936711,0.0826429374508587,0.0834587957724469,0.0945222522811671,0.0373999735660402,-0.0219530215126772,-0.0423900377795979,-0.0265201400627574,0.0228106074094692,0.0813975538012597,-0.0613860818101576,0.0257978095138969,0.0143752997684478,0.0493151973348441,-0.0290557168309292,-0.029827611955018,-0.0183171166413016,0.0527878062329009,0.0808910500363064,0.0711689266227939,-0.0276973214808238,-0.0272938631598475,-0.0471479625064249,0.0435109462621477,-0.0677564205102019,-0.0521777850303496,-0.0439312120570602,0.0444892772461038,-0.0336275664056643,-0.0990785090090438,-0.128379101583698,-0.049800139316084,-0.0296289826027884,0.004158709137002,-0.0842098368033738,-0.0209233003079643,0.120863037844691,-0.088325565979153,0.0597493793595541,-0.0113612221662137,-0.158366525887019,-0.17708656169503,-0.201732469337656,-0.06517069273934,-0.0215771784103159,-0.052804750868519,-0.0480221655855099,-0.0569174560321555,0.0142810310508903,-0.0238274626983867,0.04366339253086,-0.116001319880025,0.0232252573626414,-0.068667918720068,0.0102501431847525,-0.134314827300449,0.0273565407385098,0.0107301236805196,0.00344356657361514,-0.00898941441879696,-0.0813118681037532,0.0448161115105385,-0.0226838540035497,0.102489807209503,-0.0912867689972426,0.071416211499558,0.0100542331114547,0.0215087995577765,-0.0531432820895851,0.00804812591187688,0.038035589651984,0.129878802763734,0.0550476700543116,0.0236390306458046,0.0391620150116908,-0.0338506286345656,-0.0313480093213179
"6",0.0152994049173536,0.0824865444487972,0.0299482694217036,-0.0363714576146863,-0.0541068325552353,0.135570600336019,0.00652247711660473,0.00419781918001766,0.106939860116622,0.0586222431580514,0.0587642473357923,0.0683733794509762,-0.0869507578627963,-0.0850324944119844,0.108180505366434,-0.0381644792251078,0.00817720609150248,0.00932870547447776,0.00153502217584162,0.0360546518922005,-0.00359317176870475,-0.0396504764285248,-0.0447096084773798,0.0443604806958162,-0.0393539083228328,-0.0137901523217205,0.0403297480617057,-0.0385090418604463,0.0374390727069785,0.0544900514365363,0.00835206895527098,-0.0275004553316311,-0.0811669482567187,-0.0382973852957296,-0.0443535348202631,0.0962411000801595,-0.0456761346014636,-0.0151228391223105,-0.0191605441894817,-0.00983481619957327,-0.0308739072890749,0.0453908174210508,-0.0668752583514984,0.00814433954977307,-0.113092713392464,-0.00510817225068064,0.0444449615024946,-0.0436205253072881,0.0874042805020596,0.0619109250794417,0.0237306919235066,0.0664433482326871,-0.0216806960554609,-0.0290950166638714,0.0916031973147628,-0.0467775034743933,-0.0309421022510786,0.00280206223810163,0.0326920981695058,0.0735202848152351,-0.0192986876121095,0.028904661392781,0.047925902554619,0.0553276425072078,-0.0108101063430286,-0.0492621500771614,-0.0774154395806056,0.0324739239136585,-0.0821037097696094,-0.0834095917713839,0.0451052271330675,0.0275182698882114,0.0266095968052821,0.0192239208273089,-0.0151267263739773,-0.0110518209620903,0.035008714310713,-0.0721831545198405,-0.132417050990429,0.0768294412885152,0.0840762956835587,-0.0152217387929365,-0.0139345200658432,0.0141594505731551,-0.0745468901908593,-0.00704818233361833,-0.0771080165776854,-0.0545740506113066,-0.038338126043975,-0.0109378956548694,-0.00606927547713866,-0.039695444594689
"7",0.00318145573952981,-0.0579675320187011,-0.0192911768737847,0.135667047708875,0.0943349477150845,0.00652247711660473,0.189698772513935,0.183789782638191,0.0170689527419443,0.0149907361781823,-0.0249059335382278,-0.029861019686534,0.0290271229482963,-0.047234166308805,0.0209135956035952,0.0797179434243008,0.177262214987617,0.176580449159885,0.18160854061568,0.12248976492095,-0.0121502835326551,0.0161661842981034,-0.0199445868925349,0.0936918907114556,-0.00718249088608077,-0.0606332486538605,0.0982076142282816,0.0858673743233346,0.119523633699077,-0.0960001931392468,0.16114007201535,-0.12678780580041,-0.0798787701399385,-0.0519080131202973,-0.00911374900336741,0.00159578579826799,-0.0220068689113265,-0.123805711824058,-0.039832075733906,-0.0606886415138433,-0.0445478499926985,-0.0285694090376316,-0.0847455576027745,0.167214430839123,-0.0307842031883362,-0.00975804821017167,-0.0264361809847876,-0.0182284847571396,0.0880480858029652,-0.0256091021991013,-0.00798828283098351,0.0299351027443013,-0.0314128915693641,-0.0267769759340887,0.00322459211650493,-0.0541120793097963,-0.0782071106436884,-0.113485850330074,-0.0503170488865057,-0.00806614546118665,-0.0498843125528379,0.0136088262659004,-0.0432139027627214,0.0941960065293204,0.0610187947282146,0.0600294012234645,-0.0570535865388142,-0.097857772831997,-0.176412669488943,0.0228103825424997,-0.105036418303061,-0.0953232745176326,-0.102694569666396,-0.112501053291569,-0.0857017704812297,-0.0735416649836063,0.0668667810431082,0.0404240781230569,-0.0410828327913046,-0.0508633998133307,-0.0583689148340764,0.019548180396098,-0.0606153362192873,0.000335809802898791,0.0154201206979935,-0.0896142400828984,0.0252613950538809,0.0605193236978133,0.0830083606080801,-0.0416479666967417,0.0347397317206933,-0.0231045886501048
"8",0.00726165855956529,-0.0561056858155384,-0.0160459367911185,0.139788315951092,0.0988506251383715,0.00419781918001767,0.183789782638191,0.187114958737901,0.0190608792182443,0.0135684073971877,-0.0252922355556071,-0.0332293986146864,0.0319612245942204,-0.0470429432598263,0.0198245860488028,0.0805783966252475,0.175937756726708,0.175471451311572,0.181829024590881,0.119697096125469,-0.0113588364488354,0.0166948796684714,-0.0184587816360869,0.0937093298634686,-0.00357343328222303,-0.0599288479008325,0.0981771264406571,0.0847191106609394,0.12144352348859,-0.0973838783238893,0.156961605277034,-0.12482395000695,-0.0773732574584591,-0.0490769295072593,-0.0110270335970316,-0.00262833496194176,-0.0209451335070712,-0.121268053168696,-0.0411769426871911,-0.0602002937499997,-0.0459544727721795,-0.027349172066494,-0.0805789431320161,0.159589812179624,-0.0336588043223178,-0.0135453077874278,-0.0272306226735776,-0.0193793524927923,0.0864840968003262,-0.0265857828684451,-0.00667027440529327,0.0328334083481186,-0.0340534817093552,-0.0276498780277465,0.00525407023561398,-0.0567842210483402,-0.082518201599602,-0.117581946578324,-0.0534107686175612,-0.0101860079301893,-0.0482136653000451,0.0139678909082454,-0.042123631542556,0.0906206738570829,0.0553512947368707,0.0564359421699359,-0.0592296999477705,-0.0949021593476747,-0.177210764513414,0.0236893305831392,-0.106068743443188,-0.0920753791892964,-0.100529371658723,-0.108885673068636,-0.0822952125154151,-0.0736949037713504,0.0658677198604136,0.0393645920646458,-0.037126033066978,-0.0528681092620106,-0.0542029666321656,0.0201334275661501,-0.0628103636388442,0.000647508314962882,0.017860530393128,-0.0883515890335893,0.0292461287891225,0.0627215431364292,0.0839045676940039,-0.0433595918370127,0.0339841652075464,-0.0220692590144142
"9",0.00673452104938002,0.0955291871483621,0.0412215772013007,-0.0181891903084902,-0.0438420017354817,0.106939860116622,0.0170689527419443,0.0190608792182443,0.123682642545642,0.0490801709518397,0.0663244285598001,0.0644180624791565,-0.0696792175229711,-0.100739948079746,0.118402114383414,-0.0192560279131575,0.0292384499772063,0.029565162920449,0.0253285400737194,0.0247263345806449,0.0048601706517812,-0.0556531414212011,-0.0427839220459041,0.0582898369593044,-0.0493239536043178,-0.0292868002402837,0.0544236477296194,-0.0273107527401222,0.0237019525217603,0.0507496422325123,0.0128079314760287,-0.0365207024461927,-0.0798473238489155,-0.0472098861612559,-0.0680035470091704,0.0963621316254366,-0.0432916380879491,-0.011919532227539,-0.0335562875685409,-0.0241347040962575,-0.0278147605262041,0.0353034758772898,-0.0804758551238042,0.00872781493535638,-0.113768991960349,-0.0205031447110989,0.0327775423285597,-0.0437343454445264,0.102863048743092,0.0683008624369484,0.0316013152953387,0.0754053659557491,-0.0364265505547939,-0.0335100340975317,0.0977892504079325,-0.059965837661461,-0.0349348157143551,-0.00113345835272102,0.0255398075955161,0.0674051299677613,-0.0136604945264073,0.0409011961851962,0.0570977231034858,0.0569040574168953,-0.0319426397468097,-0.0546459468342144,-0.108003927527559,0.0306782048479029,-0.0864381923702793,-0.0772688290523838,0.0334685301714939,0.0257873140560899,0.0370906112344456,0.0252653991340478,-0.0108416206507279,-0.00305095460375393,0.0283246321268684,-0.0656597612288467,-0.120694665097923,0.0656529981299781,0.085476480317919,-0.0154343611574826,-0.0214521620151382,0.0194762407069526,-0.0662923001310794,-0.0299554155727782,-0.0687500215430572,-0.0478523790856925,-0.033638950979035,-0.0287158931084013,0.00672998481292889,-0.0374682964960075
"10",-0.00470278265254263,0.0680842648310672,0.102758893644688,-0.0291027335400766,-0.00932799249229345,0.0586222431580514,0.0149907361781823,0.0135684073971877,0.0490801709518397,0.151669304749045,0.00389274621422887,0.00390265459806154,-0.0790666272145401,-0.0794520822331267,0.050975188763923,-0.025718856820628,0.0251627891861347,0.0242914009583684,0.0161979359136242,0.0467947843592677,0.0755474223376347,-0.0340593087171377,-0.0562351158213713,-0.0039019543628634,-0.0377437284182519,0.0514543131773138,-0.00657668794537603,-0.0313339170159789,0.0402067126158348,-0.0272056029641705,0.00943366112325677,0.0346190719995709,-0.101604762324868,-0.0491092965524435,-0.0455836251077988,0.062504830226554,-0.0568875188702874,-0.0105989198086995,-0.071396719565732,0.0577032428092086,0.0399869875196219,0.0542081684864606,-0.07914756164183,0.0136584258231003,-0.0707122440048081,-0.0773228323334631,0.0542648288804572,-0.0549356169455419,0.0716132384970797,0.0036645517385056,0.031613542367931,0.034592357161875,-0.053900767232201,-0.0991278468236262,0.0561215279506791,-0.108154230485393,0.0318361182397964,0.0133113933051484,0.0556947786218856,0.0984597402875362,0.0325222908193031,0.0168134232875521,0.0204724400850413,-0.00474960466882284,-0.00683576269668426,-0.0203892594157411,-0.0394549194634198,-0.0179428741721541,0.0145037282293264,-0.0449211582530841,0.0480222162888446,-0.0172766420401456,-0.00559023441243714,0.0333613829976231,-0.0449327755735516,0.0253303901547806,0.0321522415945987,-0.0651512343947792,-0.0890151798175845,0.107603251043017,0.0312436788741298,-0.0315961945658193,0.0341777026002799,0.0629267556715879,-0.041550773797784,0.0677000127425286,-0.0838734591687088,-0.0196652591890304,-0.0394461793161261,-0.0723082834559408,-0.0467760615786277,-0.050430760586241
"11",-0.0379089802428665,0.0474875602323521,-0.00234226538125774,-0.0632921443047271,-0.0836019524271987,0.0587642473357923,-0.0249059335382278,-0.0252922355556071,0.0663244285598001,0.00389274621422887,0.0898633787590956,0.0341906354650333,-0.0168984987690219,-0.0493554779039794,0.0681783021519833,0.0100315476190084,-0.022579059375369,-0.0231604785545421,-0.0232673746097254,-0.0198231576411675,0.0258577511607833,-0.0250283156010338,-0.0110397531150389,0.00850354318195724,-0.0130361628658535,-0.00352746412387941,0.0102902949762774,0.00886163789203287,-0.0239439400672473,0.0183967635938999,-0.0276161666508519,-0.00473502919143394,-0.0359039396009717,-0.0701949652334869,-0.0881132605745795,0.0499464791987944,-0.0128690184649776,0.0122855307961649,0.0093698707130236,-0.00490049257148225,-0.00290850493720345,0.0509726238583026,-0.0410275158559493,-0.0254546979087648,-0.0444407717759343,0.0410156660884873,0.00348458341076794,-0.0111741699745981,0.0536630469045343,0.085380972670393,0.00161376140011237,0.0275597923229912,-0.0494757069621617,-0.0533434871583998,0.0492709170780565,-0.000490329278940412,0.0140080697486649,0.0369853789391876,-0.00328216874922659,0.0227285131859978,0.012079823363421,0.0151778028865948,0.0678744156304253,0.0111426138546926,-0.0510603970078262,-0.0111466410573267,-0.0453106230340207,0.0551825300939401,-0.027381609299971,-0.0379650733069447,0.0683256451216148,0.0524381162945456,0.0565285937105134,0.0432453144608932,0.0211245298203033,0.0188909881145598,-0.0120066987368212,-0.0257886873021299,-0.0706032846639908,0.0278512163858793,0.0334228907724371,-0.0386956923251253,-0.0398822914112016,-0.00975987483952036,-0.0382142490068362,0.00386735145419333,-0.0150002377184929,-0.0101031019629967,0.00656199411661361,0.0127022156847171,-0.0207047515198041,-0.0142874530643548
"12",-0.0484876740593213,0.0386631509242029,-0.00893370407849921,-0.0763492098216894,-0.094268725880611,0.0683733794509762,-0.029861019686534,-0.0332293986146864,0.0644180624791565,0.00390265459806154,0.0341906354650333,0.105571524578831,-0.098665587111837,-0.0420190326899213,0.0671683993612597,-0.0530726241533493,-0.0264211806985359,-0.0260498629661075,-0.0340991636046399,-0.023022694506693,-0.0235858930072258,-0.0117302766377367,-0.00479204139909283,0.00714840479555017,-0.0874613171569335,0.00504269575404342,0.0036140550760947,-0.0540795257044097,-0.0256957034627234,0.0965896573913834,-0.0221325580982268,0.000688678067624588,-0.0291582364625696,-0.0017080550696362,-0.00273749992302456,0.0606176460627833,-0.00468911536702593,0.0262070504138734,-0.0545510939910655,0.0102245610208761,0.010484741500389,0.000165616793219635,-0.0340048460056468,-0.0199745384682869,-0.026472259136471,-0.0213967605375771,0.0586122062969779,-0.00321668484188742,0.0438325999433869,0.0350532775705937,0.0580743753859366,0.0211473873883136,0.045250964224429,0.0282434904729822,0.0491159116345671,0.0238966899367702,0.0325887880154824,0.0583912446192096,0.0639074921029987,0.0338669955896059,0.020904054212038,0.0726516821034867,0.0227409064366232,0.0126079400551604,0.0213072390667307,-0.0666888818252654,-0.0263084459009499,0.00170033357634978,-0.00957919859494382,-0.0318669095291998,0.0235525073321973,0.00142476391001929,0.00524066190649117,-0.00455873467864327,0.0281717490610097,0.0273169671525577,-0.0172274558025929,-0.0135346993476958,-0.0630148530073597,0.0390927149079883,0.0349565499295136,0.0240796991517093,0.0370594066654565,0.0497440389409499,-0.0275914451710047,-0.0526389414891678,-0.0990353197207941,-0.0740743602060533,-0.0583171138668562,-0.0526151745663564,0.043076682057394,0.0007375834685596
"13",0.058275462088072,-0.0128399962626291,0.00861284763779878,0.166156541128384,0.129354464035805,-0.0869507578627963,0.0290271229482963,0.0319612245942204,-0.0696792175229711,-0.0790666272145401,-0.0168984987690219,-0.098665587111837,0.216230805813839,0.121750356595294,-0.0736167535895435,0.0850243400664442,0.0265102312679885,0.0272787062650472,0.0372038699149345,0.00605840294025194,-0.00777293814179482,0.0212259032514639,-0.00455405573853288,-0.00928328546861883,0.16692801276207,-0.0468969687950783,-0.00746758232764652,0.0851228133316575,0.010314005483849,-0.0346106018385094,-0.0734535153486709,0.00912009075643052,0.0754564684912521,0.0217638939011184,0.0706145107658274,-0.0950805841216152,-0.00478285476622956,0.00984583665312971,0.134256415411666,-0.051021436276905,-0.0386222002767027,-0.0172212964100118,0.066550092564009,-0.0778683359448958,-0.0373935747836859,-0.0235856887608792,-0.0918625126605651,-0.00771318600894057,-0.0420139214207205,-0.0180484773549347,-0.0750929318317056,0.0528388787157757,-0.144701176271499,0.0475470266817795,-0.0864626754391983,-0.0605849525595492,-0.084217774583282,-0.114915209472886,-0.116227491486652,-0.0987327766131322,-0.0411654443350441,-0.0554221121986008,-0.0360370924371438,-0.0187098091127357,-0.0247139424924366,0.060192269771066,-0.056017270704469,0.0350186065578321,-0.0208366361082521,0.028941863132096,-0.106036807148081,0.0395978832282794,0.038494701808412,0.019912066583319,0.0561961097655621,-0.060631081835773,-0.0359840959247022,0.0453806431650429,0.125323005504274,-0.17085747069794,-0.0206627590434728,-0.0525086742491793,0.00153968165245026,-0.0698166983273302,0.0239858938799578,0.0526493395209614,0.204017215639799,0.0647875283562268,0.085828547111923,0.129012599399776,-0.0349701222747923,-0.0111308192172481
"14",0.0411684003386721,-0.0447569819022173,-0.0572448738215738,0.0596751156267456,0.0310311552915096,-0.0850324944119844,-0.047234166308805,-0.0470429432598263,-0.100739948079746,-0.0794520822331267,-0.0493554779039794,-0.0420190326899213,0.121750356595294,0.197507968199463,-0.102278718604223,0.0197365866415392,-0.0478705427338246,-0.0477845112418259,-0.0401730191522615,-0.0034592204380189,-0.0625056696678873,0.0830269402866465,0.0278498763730037,-0.0509974000341029,0.141518005686494,0.0102225056033436,-0.0489107937033882,0.0188148716400494,-0.00570923089670452,0.027963255613786,-0.109883857463938,0.0743616966721465,0.107769230533577,0.105328723962306,0.169621616376999,-0.117499997389211,0.0293980835403239,0.0493289530109368,0.116147854865303,0.00664010187178151,-0.0161974251653886,-0.027268071522361,0.127700181454578,-0.112338838131477,0.0303772615842246,-0.0415456645515438,-0.0151291415600459,0.0268606894274595,-0.104448088198546,-0.0494199133373923,-0.0452097749888511,-0.0282042686510765,-0.0410679624299623,0.104686059955532,-0.11568351751245,0.0232666542545814,-0.0220318512464963,-0.0364669923656169,-0.0608768399754036,-0.121575650261879,-0.0223257671986144,-0.0242790248870976,-0.065576038377517,-0.0565285808943935,0.0642625747176846,-0.000508274057725625,0.0645493472682228,-0.00443725055246683,0.0442833875212488,0.0483574057934717,-0.116349323980049,-0.00194802911806366,0.00075358652064783,-0.0170282007181079,0.0742571743689241,-0.0225891742202181,-0.0418526576022437,0.0678967284064754,0.14175940741573,-0.171863148037707,-0.0570051726145293,-0.0062917542659769,0.0450142138950721,-0.0353406549082004,0.0426243511446141,0.0373901666928695,0.115110749128649,-0.00015673526227923,0.0196882371763171,0.113912266258869,0.0198300937496839,0.0225529130654758
"15",0.00172819362881381,0.0923971568340987,0.0383721423336991,-0.0227076611901299,-0.0483696390913938,0.108180505366434,0.0209135956035952,0.0198245860488028,0.118402114383414,0.050975188763923,0.0681783021519833,0.0671683993612597,-0.0736167535895435,-0.102278718604223,0.123472585577268,-0.02069136976976,0.0307813273581087,0.0296485607052647,0.0217569981488215,0.0273058890132386,0.00551574443709557,-0.0535254002723917,-0.0431823598947954,0.0558497420365202,-0.0527118492881476,-0.0295513312677297,0.0534002469434101,-0.0252787747453759,0.0215386956892511,0.0499383950872135,0.0135175728644817,-0.0379382276275217,-0.0819638764469416,-0.0514417683821045,-0.0694029253129105,0.0994467286713375,-0.0445441360229259,-0.0145837634184194,-0.0357390902296469,-0.0227197054307872,-0.0253100885073829,0.0349744535999814,-0.0839382547271459,0.0172046733785111,-0.11029559569711,-0.0154353237094367,0.0350618295575169,-0.0415074422926294,0.104121448092964,0.0690204161580889,0.0314221042221808,0.0731207055763088,-0.0328921163896704,-0.0348245443515972,0.0971335062146915,-0.0560526985791635,-0.0300379475108002,0.00289425139370673,0.0282555204060837,0.0676576242737468,-0.0131831020322481,0.0409086686457098,0.0567458742611145,0.0598608179890844,-0.0281383022845515,-0.0518748209346875,-0.105238148565759,0.0280579562983629,-0.086403285539696,-0.0757018090336811,0.0360536813137721,0.0237979692043559,0.0340914917581188,0.0225311059736141,-0.0121741134814493,-0.0021878636455702,0.0286058984095257,-0.064332866286922,-0.124611492203952,0.0678523205004178,0.0820058194230355,-0.0148939304656482,-0.0216268141955891,0.0198396591408019,-0.0678800717607144,-0.0313642784376973,-0.0721151707073516,-0.048448554103814,-0.0340908164616064,-0.0302099320812431,0.00520835440622545,-0.0372220866340877
"16",-0.0367517009190002,-0.0867876264927539,-0.0776186385189641,0.040096199211082,0.00793864191936711,-0.0381644792251078,0.0797179434243008,0.0805783966252475,-0.0192560279131575,-0.025718856820628,0.0100315476190084,-0.0530726241533493,0.0850243400664442,0.0197365866415392,-0.02069136976976,0.123271375540894,0.0923108181566522,0.0926970368486915,0.0873950721615917,0.0661036858705665,0.0199713833986074,0.0526519089447897,0.0125787483724508,0.0403516826315588,0.0684235019779606,-0.0298456752868916,0.0365366611975415,0.110376655319084,0.0622484081161758,-0.101599868812931,0.0669654957520728,-0.0683525616507966,-0.0248152463006091,-0.0654192723654021,-0.0210454349827042,-0.0416880719600154,0.0108953476029149,-0.0649673849756981,0.026521157609663,-0.0235186869992225,-0.0131048736001274,0.0158281813619423,-0.0282463918381971,0.0658150376531146,0.034812267513366,0.0485137671041707,-0.0443631478683835,0.0107786509963965,0.0121411820708976,0.00859634181784974,-0.0329805574828617,-0.0435223541845142,-0.0597822786627383,-0.0504725203235946,-0.041515461129277,0.00352172495668527,-0.0222085018952855,-0.0557865316553862,-0.0753117321720784,-0.0545052827304634,-0.0252145064844633,-0.0203612774478789,-0.00221058064911036,0.0370227178999686,0.0231075699561345,0.0809808328774601,0.0124259214853424,-0.0520402862733082,-0.0907259852149312,0.0461191320325948,-0.0571449047867711,-0.0517334478173447,-0.0376436605578166,-0.0564561533434081,-0.0258612012383483,-0.0405831839064988,0.0104695287513446,0.0649116967459082,0.0145988811463291,-0.0946450691019006,-0.0893079733484655,-0.0199147837404048,-0.0858998157621974,-0.027461961525603,0.0504109761039004,-0.0399284167892317,0.0779297241445507,0.0808743487152116,0.103017677176304,0.0254280460755239,0.00493164445101855,0.0160879226333613
"17",0.00247508719559018,-0.0547457980558985,-0.0220568263524451,0.126249498261648,0.0826429374508587,0.00817720609150248,0.177262214987617,0.175937756726708,0.0292384499772063,0.0251627891861347,-0.022579059375369,-0.0264211806985359,0.0265102312679885,-0.0478705427338246,0.0307813273581087,0.0923108181566522,0.189478432944056,0.186512851586439,0.179234752615287,0.131744515636022,-0.00644793157322323,0.021433850249309,-0.0244020278812928,0.100054009836728,0.00759452258548808,-0.0644471621157837,0.0966144381681646,0.0853180489774869,0.126091195508584,-0.0904589479381084,0.158169117908299,-0.123127429848632,-0.0867948887314869,-0.0534052166403964,-0.00681147369099966,0.0085490427026593,-0.0269576660427008,-0.119334129849532,-0.0413877388292876,-0.0542778809871309,-0.0414261353895739,-0.0159219593821676,-0.0888088761449566,0.161984066398112,-0.0351523057572707,-0.021744966148797,-0.0165447642943552,-0.0242122026770517,0.0898936095006822,-0.0242342704419194,-0.000475157243481513,0.0252155786664844,-0.0426365607607459,-0.0363972210304016,0.00741907763425051,-0.0655847518933749,-0.0814656634732667,-0.114894691476643,-0.0500318801626384,-0.0083805225274831,-0.0541092713365286,0.0133123141707632,-0.0316942508334153,0.0967687209927402,0.0584151900018309,0.0514721291970047,-0.0598023467599311,-0.102292193401322,-0.178653327655466,0.0168781392002945,-0.112218211252549,-0.100835652831902,-0.0895389493229262,-0.105425445440988,-0.0792554851718333,-0.0748424383674327,0.0664097985488082,0.0340633804469415,-0.0441046659533216,-0.0587785121067301,-0.0517316193637786,0.0128587176708884,-0.070036194196722,0.00401835117525309,0.0209997606890404,-0.0936434168378056,0.0180549145086423,0.0541842864713399,0.0747703001547239,-0.0431888226715615,0.0352645566841524,-0.0174373538375019
"18",0.00262114893507403,-0.054377365641033,-0.0213102437738136,0.126868453095342,0.0834587957724469,0.00932870547447777,0.176580449159885,0.175471451311572,0.029565162920449,0.0242914009583684,-0.0231604785545421,-0.0260498629661075,0.0272787062650472,-0.047784511241826,0.0296485607052647,0.0926970368486915,0.186512851586439,0.189568799610319,0.180676124824666,0.131024057116068,-0.00672285844076213,0.0202270646089709,-0.0245772680262761,0.100577664715441,0.00778778289331234,-0.0645968611372365,0.0961602447664225,0.0849834539531847,0.126801928401765,-0.0894891923116753,0.160165877785525,-0.123298795200504,-0.0870293816376041,-0.0535104757198834,-0.00554034945921526,0.00861311878293345,-0.0273031085576312,-0.119577954754029,-0.040673758220893,-0.0551603279460264,-0.0422163970538967,-0.0157423256092177,-0.0891811347887655,0.161004074793905,-0.035602185897761,-0.0223358264223704,-0.0174862867608142,-0.0255724683648223,0.0901752835780569,-0.0247790610347969,-0.0002751844833252,0.0257169140167486,-0.0433385731347564,-0.035395884175584,0.00718700065263758,-0.0664199010766255,-0.0821898365558445,-0.116026767632499,-0.0501867714303304,-0.00720587961861584,-0.0541323806275675,0.0131047644548738,-0.0319697367210377,0.0970623944872872,0.0585656174174009,0.0525009957740812,-0.0603761776733597,-0.101783715559304,-0.178407587525371,0.0155347127256283,-0.112139125500755,-0.100804685860122,-0.0892902045211371,-0.105013460514301,-0.0791258233091102,-0.0760051649202371,0.0655935259289054,0.0337106339550856,-0.0438281784073511,-0.0591076232371475,-0.0513687097959433,0.0123509858252782,-0.0685917262503767,0.00417186901019773,0.021524919318673,-0.0933901728595176,0.0187455041801165,0.053935406188766,0.0750480491448799,-0.0417386157785648,0.0351528200964855,-0.0183039453503854
"19",0.0102031596491614,-0.047671688648182,-0.0152133251887716,0.139467059833683,0.0945222522811671,0.00153502217584162,0.18160854061568,0.181829024590881,0.0253285400737194,0.0161979359136242,-0.0232673746097254,-0.0340991636046399,0.0372038699149345,-0.0401730191522615,0.0217569981488215,0.0873950721615917,0.179234752615287,0.180676124824666,0.195718394250057,0.125489919377338,-0.015319769592294,0.011545017629094,-0.0223450427961224,0.0993293446945053,0.00383193050939354,-0.0621665384489051,0.102414637284219,0.0851807899326055,0.123599461941618,-0.0949474884893202,0.166916641361201,-0.119254974850714,-0.0816970610924656,-0.0472016730908749,-0.00370204162293014,-0.000660479942756963,-0.023822020648156,-0.124811959260968,-0.0341058792340206,-0.0653673276103404,-0.0514141596696732,-0.0223360850470735,-0.084518504260814,0.160620704790307,-0.0338018773560962,-0.0219768429264972,-0.024674329037951,-0.0250645377269138,0.0932774737067859,-0.0230184603502651,-0.00761512799245923,0.0324188719655035,-0.0437390357597422,-0.0300633773565077,0.00337320758676718,-0.065286904197516,-0.0837661117313131,-0.118475114767474,-0.0600533457321573,-0.0142771718115545,-0.0519555172754913,0.0168637549661018,-0.0399679352497383,0.0895137845998874,0.0597256766809056,0.0531298211982028,-0.0580133503238681,-0.0972951737036528,-0.176081862027843,0.018392634200857,-0.112641468115619,-0.095935498099312,-0.0943805544373351,-0.109561995978003,-0.0846079123816088,-0.0750582274708037,0.0685447843441624,0.0375738473489927,-0.0371218729303471,-0.060066457447714,-0.0568550801496368,0.0129569127240816,-0.0655366420095884,-0.00297657617842786,0.0160286486426519,-0.0906868369251336,0.0282148341926425,0.0588569604009003,0.0818676481405979,-0.0362676698453968,0.0396550985281301,-0.0285807096395896
"20",0.0473498964794808,-0.042470635777845,-0.0549225216109357,0.070592859443716,0.0373999735660402,0.0360546518922005,0.12248976492095,0.119697096125469,0.0247263345806449,0.0467947843592677,-0.0198231576411675,-0.023022694506693,0.00605840294025193,-0.00345922043801891,0.0273058890132386,0.0661036858705665,0.131744515636022,0.131024057116068,0.125489919377338,0.155111875022765,-0.0284198191667255,0.0437602619478845,-0.0180125020497488,0.0932716134503096,0.050686018924197,-0.0401797308055876,0.0911948035741451,0.0604125472359551,0.143612550329861,-0.0748848523042207,0.102797684532621,-0.0886407756777133,-0.0724421681724254,-0.0095376644155199,0.041002559141246,0.00751398736049724,-0.0198762875345942,-0.107846061439866,0.0112847911380045,-0.0327005900716067,-0.0583219768842465,0.00849659059571971,-0.0469478074208269,0.106743344530496,-0.0452492519919631,-0.00573166468878312,0.00776298579756902,-0.0168877283733511,0.0442915607912457,-0.0188293945981804,-0.0238713344950203,-0.01972457712981,-0.0265318889334409,-0.0213144804533218,0.00305944674060671,-0.0496879282275802,-0.0858094028828383,-0.0959092611780768,-0.0434991411759617,-0.00815937797292573,-0.0728555913260784,-0.011394422389132,-0.0292942456798824,0.0941842084206528,0.0878447078456571,0.0316114017453674,-0.00932102298931311,-0.0900009776642448,-0.171235450627154,-0.0017947720612402,-0.0986439611422331,-0.0900984706289363,-0.0778168094823911,-0.0953745371678482,-0.0929568508848321,-0.0687707390676973,0.0931529003857089,0.0127142333314342,-0.0581974063786572,-0.0469012180545967,-0.0456386861417124,0.0137493984328352,-0.0784678455386404,-0.0159125100225742,0.00205574514932046,-0.056673847850982,-0.000172199728462323,0.0310919219850838,0.0496996415823211,0.0125883586986166,0.0378066483027122,-0.0135981554684834
"21",-0.0754712267989096,0.0171976977563393,0.0758943264904054,-0.046317367406074,-0.0219530215126772,-0.00359317176870476,-0.0121502835326551,-0.0113588364488354,0.0048601706517812,0.0755474223376347,0.0258577511607833,-0.0235858930072258,-0.00777293814179482,-0.0625056696678873,0.00551574443709557,0.0199713833986074,-0.00644793157322323,-0.00672285844076213,-0.015319769592294,-0.0284198191667255,0.116072578445701,-0.0235761081827463,-0.025254316386159,-0.0480292804064236,-0.0257167273950919,0.0559030394339443,-0.0510895203040843,0.0169103816701272,-0.0274143431534805,-0.0542288151778765,-0.0214816918915848,0.037223308126597,-0.0535658056859843,-0.0978469400997069,-0.10046481494087,0.0162110948661894,-0.0259972920586481,0.0211484135367776,-0.0589389113515842,0.0591839770160935,0.0769483653966546,0.0527116744377294,-0.0607899808606444,-0.0187831631323573,-0.000815671235066842,-0.0197293149405142,0.00222166761634378,-0.0254107510683518,0.0396596000142901,0.0237548666205651,0.0221143868414119,0.015739313327251,-0.073969701517543,-0.115407054934862,0.0169607800708976,-0.0543811978938992,0.0781346974682966,0.0380922930993753,0.0266138349393024,0.0579607770834942,0.069546711473625,0.00570115740342937,0.0385815605872922,-0.0467540834394324,-0.0623421275626972,0.0315517376026105,-0.0238420134775187,0.0162357444690195,0.0721997825698115,0.00173554976663124,0.0803254849006759,0.0177245810549905,0.0205454519129528,0.0583587889984677,0.0124496731239707,0.0427514294270938,-0.0393340327179632,-0.0142630467210983,-0.0233629374126803,0.0644958808225362,-0.0055177730261009,-0.0519978518459087,0.0269175120838344,0.0507503203716689,0.00427784594780958,0.0782208410243789,-0.00698186691653925,0.0316983389358586,0.0161815841065256,-0.0608891206048546,-0.0755716838944785,-0.0207927955323517
"22",-0.039684654488357,-0.110980995255693,-0.115006765201595,-0.0216293588589808,-0.0423900377795979,-0.0396504764285248,0.0161661842981034,0.0166948796684714,-0.0556531414212011,-0.0340593087171377,-0.0250283156010338,-0.0117302766377367,0.0212259032514639,0.0830269402866465,-0.0535254002723918,0.0526519089447897,0.021433850249309,0.0202270646089709,0.011545017629094,0.0437602619478845,-0.0235761081827463,0.10673366291371,0.0420172340393344,-0.00280559726048207,0.0490334168059893,0.0206290248839506,-0.00539970930360954,0.0511843660831729,0.0434534233017846,-0.0449523234097849,0.00201691801005071,-0.0116170748654401,0.0215686583800527,0.0146181099729086,0.0632534735479163,-0.0701276325936056,0.0419711660267659,-0.0158632476883453,0.0146493477617596,0.025795855212005,0.00983258987964597,-0.00447522873004038,0.0381638435184508,0.00660731329341292,0.0706821274804594,0.0231613551166205,0.0085128689951835,0.042390209363087,-0.0515051536856722,-0.027153395539916,-0.0114623084430513,-0.089862062031708,0.0189735800255908,0.0136526467378336,-0.066762402655791,0.0659626158402221,0.0146075242079712,-0.00468429641345479,-0.0265268172175525,-0.0693146126085823,-0.00498213876829068,0.000261908469782679,-0.0348539961371729,-0.00228184448245986,0.082365122344979,0.0296818720827873,0.0918025494989657,-0.0707273914464175,-0.0362702529801753,0.0643428768162343,-0.0694672552041052,-0.0681203279361606,-0.0668032835191779,-0.0760346451427634,0.00112251640680376,-0.0101605692622598,-0.0024926836436579,0.0832118960980905,0.0436377715445162,-0.0984539995952772,-0.103485829919693,0.0254237387547206,-0.0323211082237533,0.00339794118815306,0.0657039619695061,-0.0359379888882012,0.0213286786576751,0.0319511549705165,0.050717327657491,0.0119805353116468,0.0400470417151497,0.0471397806719688
